2332433335311145233332321162631216223334113632333641556334351615364111132662164163363312332463253331342616253663311635,
32113435111326163232544463321163221152234142631511323254446333416332163611322545233332233533131132323314336315333641423411,
2336343326552233131132236263232623634232234641332116322362.

13633633133516311632323331633123351663452343353313541663411644323326331423236334353332232511614163133363133616633643163554632123223223.
333633121632323363112541421126553254312363364111323313624136626313333435333654632535233441331435114323461636253324632211522341546323324333353111452323.

25352334413314351143236263251125633211422511633363311641331511446351234335331311322362631216351641633613331663321146112633631363142642123325332463153516133233364123.
3315322331632322633416351354446351234335331363125426635123433563451622113562,632336343326552242615223246336151323146312422513631126431113234111.
3433221532161663343362132326233655631233261616633626332132541663311641331554:63251311153511416334332623122362,63351651164125116325113515113233,
41111226234511631323211632163511.

3633133516311632325416631126143335234131546351234335331311322362,6341112523166325112563AES632363RSA,
3312163634164623131161416332111516213242616322115223414263151132325444631363233241163532164116.
331532112533631511211663361131541663364133242523166351234335546331331442416312544155634262221323315463343523633216343511132326553233316323363433265522331311322323
232623634616263313164616362533316343112541333516.

3336331233166322321146163223166313632332433335311145233332323324631216223334113632333641236323311616416342343511132616322316631533364142343331.
341135332623,6312233331164135234616362511626323151632412343232511452362,631513424443112541333532116263114241163241234323251145236263-
133616635641336323323641354231163241546322115223415463334163222633423154512616323223253313.

13112132336334333132234155,634641336312162233341136323336415563233243333531114523236322111323362341633216634133265525336333416341164432332633142324,
32336323633341633433131615163223626334332655223313114116261624.6335161442266235323316633312323313261632231663343533143511313132331433633312163634164616322362,
33364133353321323336415563343523633341253554412323633433153322352341162655325444633423361631,632336343326552233131132231663113241231323354236331363-
1211223313541663343511132326116345234335331333246314231423163254.