110010001010000010010000
100010010001000000100000
001010001000001000001000
010100010001000010000001
000111000010010000100000
000000110010010000100000
100001100100110000000001
011000000010011010000001
101100010000100001101010
101000000000001010000101
011101000100010001000100
100000000000010101000010
101000000000100000000000
110100110000010010000100
001010110011000000000000
000000010100100001000010
001101010001100000000000
001100000000001000010011
110110000110000000001000
100000000000000001010110
000001010000000000000010
101101001000100000101000
101000010010100000010000
000100000101001001000000
