11 24 42 61 35 34 31 31 45 44 24 34 33 61 11 33 14 61 32 11 42 24 33 15 61 35 34 31 31 45 44 24 34 33 61 11 42 15 61 44 23 15 61 32 34 43 44 61 14 24 43 13 45 43 43 15 14 61 34 33 15 43 . 61 
 44 23 15 54 61 11 42 15 61 13 11 45 43 15 14 61 12 54 61 14 24 21 21 15 42 15 33 44 61 42 15 11 43 34 33 43 . 61 21 24 42 43 44 61 34 21 61 11 31 31 , 61 24 44 61 24 43 61 13 34 2 61 15 32 24 44 44 15 14 61 12 54 61 13 11 42 43 61 52 23 15 33 61 44 23 15 54 61 11 42 15 61 45 43 24 33 22 61 21 45 15 31 . 61 
 43 15 13 34 33 14 , 61 23 45 32 11 33 43 61 11 14 14 61 35 34 31 31 45 44 24 34 33 61 44 34 61 44 23 15 61 15 33 51 24 42 34 33 32 15 33 44 61 44 23 42 34 45 22 23 61 24 33 14 45 43 44 42 24 11 31 61 11 13 44 24 51 24 44 24 15 43 61 11 33 14 61 52 11 43 44 15 61 14 24 43 35 34 43 11 31 . 61 
 33 34 52 11 14 11 54 43 , 61 32 11 33 54 61 13 34 45 33 44 42 24 15 43 61 11 42 15 61 44 42 54 24 33 22 61 44 34 61 14 15 13 42 15 11 43 15 61 12 34 44 23 61 52 11 43 44 15 61 14 24 43 35 34 43 11 31 61 11 33 14 61 13 34 2 61 15 32 24 43 43 24 34 33 . 
 
 35 42 34 12 11 12 31 54 , 61 44 23 15 61 32 34 43 44 61 52 15 31 31 - 25 33 34 52 33 61 52 11 54 61 44 34 61 42 15 14 45 13 15 61 33 15 22 11 44 24 51 15 61 15 21 21 15 13 44 43 61 34 21 61 52 11 43 44 15 61 14 24 43 35 34 43 11 31 61 24 43 61 52 11 43 44 15 61 43 34 42 44 24 33 22 . 61 
 24 44 61 32 15 11 33 43 61 44 23 11 44 61 44 23 15 61 52 11 43 44 15 61 24 43 61 43 34 42 44 15 14 61 24 33 44 34 61 11 61 21 15 52 61 13 11 44 15 22 34 42 24 15 43 61 44 34 61 12 15 61 42 15 13 54 13 31 15 14 61 31 11 44 15 42 . 61 
 43 52 24 44 13 23 24 33 22 61 44 34 61 15 31 15 13 44 42 24 13 61 51 15 23 24 13 31 15 43 61 24 43 61 34 33 15 61 34 21 61 44 23 15 61 32 34 43 44 61 35 42 34 32 24 43 24 33 22 61 52 11 54 43 61 44 34 61 42 15 14 45 13 15 61 13 34 2 61 15 32 24 43 43 24 34 33 . 
 14 24 21 21 15 42 15 33 44 61 44 54 35 15 43 61 34 21 61 35 34 31 31 45 44 24 34 33 61 11 42 15 61 24 33 44 15 42 13 34 33 33 15 13 44 15 14 . 61 
 21 34 42 61 15 53 11 32 35 31 15 , 61 32 11 42 24 33 15 61 35 34 31 31 45 44 24 34 33 61 32 24 22 23 44 61 12 15 61 13 11 45 43 15 14 61 12 54 61 14 24 42 15 13 44 61 14 24 43 13 23 11 42 22 15 61 34 21 61 24 33 14 45 43 44 42 24 11 31 61 52 11 43 44 15 61 24 33 44 34 61 44 23 15 61 34 13 15 11 33 . 61 
 12 45 44 61 35 34 31 31 45 44 11 33 44 43 61 13 34 45 31 14 61 11 31 43 34 61 12 15 61 42 15 31 15 11 43 15 14 61 21 42 34 32 61 44 23 15 61 11 44 32 34 43 35 23 15 42 15 . 
 
 34 51 15 42 35 34 35 45 31 11 44 24 34 33 61 24 43 61 11 33 34 44 23 15 42 61 21 11 13 44 34 42 61 44 23 11 44 61 13 11 45 43 15 43 61 35 34 31 31 45 44 24 34 33 , 61 11 43 61 52 15 31 31 61 11 43 61 11 61 33 45 32 12 15 42 61 34 21 61 34 44 23 15 42 61 35 42 34 12 31 15 32 43 . 61 
 34 51 15 42 35 34 35 45 31 11 44 15 14 61 13 24 44 24 15 43 61 44 15 33 14 61 44 34 61 12 15 61 44 23 15 61 34 33 15 43 61 52 24 44 23 61 44 23 15 61 12 24 22 22 15 43 44 61 15 13 34 31 34 22 24 13 11 31 61 35 42 34 12 31 15 32 43 . 61 
 51 15 23 24 13 31 15 43 61 11 33 14 61 35 15 34 35 31 15 61 44 23 15 32 43 15 31 51 15 43 61 11 14 14 61 44 34 34 61 32 45 13 23 61 35 34 31 31 45 44 24 34 33 61 21 34 42 61 11 61 42 15 31 11 44 24 51 15 31 54 61 43 32 11 31 31 61 11 42 15 11 .