24 33 44 34 36 32 11 46 24 34 33 33 11 63 64 12 16 23 34 35 11 41 33 34 41 42 56 64 63 13 31 63 16 42 41 63 64 34 15 33 34 25 64 24 23 64 13 11 22 33 16 25 52 24 45 64 23 11 15 11 51 64 13 64 41 34 13 36 16 32 16 33 33 34 32 64 32 24 36 16 . 
 41 64 36 11 23 13 24 42 24 16 32 64 24 33 44 34 36 32 11 46 24 34 33 33 55 45 64 42 16 45 33 34 31 34 14 24 25 64 24 64 24 33 42 16 36 33 16 42 11 64 13 34 35 36 34 41 55 64 23 11 53 24 42 55 64 15 11 33 33 55 45 64 41 42 11 33 34 13 63 42 41 63 64 13 41 16 64 12 34 31 16 16 64 11 26 42 43 11 31 56 33 55 32 24 . 
 26 36 24 35 42 34 14 36 11 44 24 63 64 33 11 43 26 11 64 34 64 32 16 42 34 15 11 45 64 52 24 44 36 34 13 11 33 24 63 64 41 43 53 16 41 42 13 43 16 42 64 43 22 16 64 42 55 41 63 51 24 64 31 16 42 . 
 34 15 33 24 32 64 24 23 64 35 16 36 13 55 45 64 24 23 13 16 41 42 33 55 45 64 52 24 44 36 34 13 64 63 13 31 63 16 42 41 63 64 52 24 44 36 64 46 16 23 11 36 63 64 26 34 42 34 36 55 25 64 24 41 35 34 31 56 23 34 13 11 31 64 41 15 13 24 14 64 11 31 44 11 13 24 42 11 . 
 26 13 11 15 36 11 42 64 35 34 31 24 12 24 63 64 26 34 42 34 36 55 25 64 32 55 64 12 43 15 16 32 64 24 41 35 34 31 56 23 34 13 11 42 56 64 13 64 61 42 34 25 64 31 11 12 34 36 11 42 34 36 33 34 25 64 36 11 12 34 42 16 64 12 55 31 64 24 23 34 12 36 16 42 16 33 64 13 64 15 36 16 13 33 16 25 64 14 36 16 46 24 24 . 
 61 42 34 42 64 32 16 42 34 15 64 52 24 44 36 34 13 11 33 24 63 64 35 36 16 15 41 42 11 13 31 63 16 42 64 41 34 12 34 25 64 26 13 11 15 36 11 42 33 43 62 64 42 11 12 31 24 46 43 64 13 64 26 34 42 34 36 43 62 64 13 35 24 41 11 33 55 64 12 43 26 13 55 64 11 31 44 11 13 24 42 11 . 
 26 11 22 15 11 63 64 12 43 26 13 11 64 23 11 32 16 33 63 16 42 41 63 64 35 11 36 34 25 64 51 24 41 16 31 64 41 34 34 42 13 16 42 41 42 13 43 62 53 24 45 64 41 42 36 34 26 16 64 24 64 41 42 34 31 12 46 43 64 13 64 26 34 42 34 36 55 45 64 34 33 11 64 33 11 45 34 15 24 42 41 63 . 
 42 11 26 34 25 64 32 16 42 34 15 64 35 34 23 13 34 31 63 16 42 64 15 34 41 42 11 42 34 51 33 34 64 35 36 34 41 42 34 64 52 24 44 36 34 13 11 42 56 64 41 34 34 12 53 16 33 24 63 64 33 34 64 35 36 24 64 61 42 34 32 64 34 12 16 41 35 16 51 24 13 11 16 42 64 33 16 26 34 42 34 36 43 62 64 23 11 53 24 42 43 . 
 13 64 41 34 13 36 16 32 16 33 33 34 32 64 32 24 36 16 64 24 41 35 34 31 56 23 43 62 42 41 63 64 14 34 36 11 23 15 34 64 12 34 31 16 16 64 41 31 34 22 33 55 16 64 11 31 14 34 36 24 42 32 55 64 52 24 44 36 34 13 11 33 24 63 64 42 11 26 24 16 64 26 11 26 64 a e s 64 24 64 r s a . 
 34 15 33 11 26 34 64 24 23 43 51 16 33 24 16 64 35 36 34 41 42 55 45 64 52 24 44 36 34 13 64 35 34 32 34 14 11 16 42 64 35 34 33 63 42 56 64 12 11 23 34 13 55 16 64 35 36 24 33 46 24 35 55 64 26 36 24 35 42 34 14 36 11 44 24 24 . 
 52 24 44 36 34 13 11 33 24 16 64 24 64 15 16 52 24 44 36 34 13 11 33 24 16 64 15 34 31 22 33 55 64 36 11 12 34 42 11 42 56 64 26 34 36 36 16 26 42 33 34 64 51 42 34 12 55 64 32 34 22 33 34 64 12 55 31 34 64 13 34 41 41 42 11 33 34 13 24 42 56 64 24 41 45 34 15 33 34 16 64 41 34 34 12 53 16 33 24 16 . 
 61 42 34 64 13 11 22 33 34 64 15 31 63 64 35 36 34 13 16 36 26 24 64 35 36 11 13 24 31 56 33 34 41 42 24 64 36 16 11 31 24 23 11 46 24 24 64 11 31 14 34 36 24 42 32 11 . 
 13 64 15 11 33 33 34 25 64 31 11 12 34 36 11 42 34 36 33 34 25 64 36 11 12 34 42 16 64 32 55 64 24 23 43 51 11 16 32 64 35 36 34 41 42 16 25 52 24 16 64 32 16 42 34 15 55 64 52 24 44 36 34 13 11 33 24 63 64 42 16 26 41 42 34 13 55 45 64 41 34 34 12 53 16 33 24 25 .